EPSG:31984
391041.460 9051873.124 416.857 1384 1888 03_008.jpg HV10342 0
391041.460 9051873.124 416.857 492 1907 03_009.jpg HV10342 1
390035.796 9054244.236 435.394 1447 1902 02_004.jpg HV10355 2
390035.796 9054244.236 435.394 1546 304 03_007.jpg HV10355 3
390035.796 9054244.236 435.394 548 1866 02_005.jpg HV10355 4
390035.796 9054244.236 435.394 683 290 03_008.jpg HV10355 5
392623.282 9056148.920 444.753 1279 2250 01_007.jpg HV10368 6
392623.282 9056148.920 444.753 1420 593 02_006.jpg HV10368 7
392623.282 9056148.920 444.753 517 520 02_007.jpg HV10368 8
387967.130 9058921.900 437.272 1528 336 01_003.jpg HV10381 9
387967.130 9058921.900 437.272 676 374 01_004.jpg HV10381 10
390238.237 9058556.740 426.980 1339 584 01_005.jpg HV10382 11
390238.237 9058556.740 426.980 499 632 01_006.jpg HV10382 12
391589.349 9058669.223 443.180 1414 556 01_006.jpg HV10383 13
391589.349 9058669.223 443.180 564 530 01_007.jpg HV10383 14
389439.558 9051634.783 403.771 2046 1993 03_006.jpg HV19341 15
389439.558 9051634.783 403.771 1162 2079 03_007.jpg HV19341 16
388121.269 9053950.771 412.977 1895 2038 02_002.jpg HV19354 17
388121.269 9053950.771 412.977 2006 449 03_005.jpg HV19354 18
388121.269 9053950.771 412.977 1015 2039 02_003.jpg HV19354 19
388121.269 9053950.771 412.977 1125 445 03_006.jpg HV19354 20
387791.793 9056527.314 413.304 1396 1965 01_003.jpg HV19366 21
387791.793 9056527.314 413.304 1661 304 02_002.jpg HV19366 22
387791.793 9056527.314 413.304 513 1994 01_004.jpg HV19366 23
387791.793 9056527.314 413.304 773 294 02_003.jpg HV19366 24
