EPSG:31984
386429.766 9051623.783 434.676 6575 7646 03_004.jpg HV10340 0
386429.766 9051623.783 434.676 3073 7692 03_005.jpg HV10340 1
391041.066 9051873.158 416.967 5028 7023 03_008.jpg HV10342 2
391041.066 9051873.158 416.967 1496 7100 03_009.jpg HV10342 3
394225.701 9051359.657 426.856 6553 8296 03_010.jpg HV10343 4
394225.701 9051359.657 426.856 3024 8264 03_011.jpg HV10343 5
386398.715 9053874.473 437.152 6025 7840 02_001.jpg HV10353 6
386398.715 9053874.473 437.152 6604 1528 03_004.jpg HV10353 7
386398.715 9053874.473 437.152 2462 7945 02_002.jpg HV10353 8
386398.715 9053874.473 437.152 2870 1617 03_005.jpg HV10353 9
390035.189 9054244.143 435.209 5279 7079 02_004.jpg HV10355 10
390035.189 9054244.143 435.209 5671 754 03_007.jpg HV10355 11
390035.189 9054244.143 435.209 1720 6935 02_005.jpg HV10355 12
390035.189 9054244.143 435.209 2255 697 03_008.jpg HV10355 13
385726.578 9056091.768 444.584 4093 1900 02_001.jpg HV10365 14
385726.578 9056091.768 444.584 5955 8568 01_001.jpg HV10365 15
385726.578 9056091.768 444.584 2847 8655 01_002.jpg HV10365 16
385726.578 9056091.768 444.584 507 1944 02_002.jpg HV10365 17
392623.049 9056149.218 444.840 4612 8456 01_007.jpg HV10368 18
392623.049 9056149.218 444.840 5170 1896 02_006.jpg HV10368 19
392623.049 9056149.218 444.840 1092 8447 01_008.jpg HV10368 20
392623.049 9056149.218 444.840 1598 1608 02_007.jpg HV10368 21
386883.856 9058737.070 430.581 5949 1463 01_002.jpg HV10380 22
386883.856 9058737.070 430.581 2682 1391 01_003.jpg HV10380 23
387966.619 9058921.725 437.414 5599 879 01_003.jpg HV10381 24
387966.619 9058921.725 437.414 2226 1029 01_004.jpg HV10381 25
390238.140 9058556.745 427.026 4850 1861 01_005.jpg HV10382 26
390238.140 9058556.745 427.026 1526 2051 01_006.jpg HV10382 27
391588.825 9058669.018 443.212 5147 1749 01_006.jpg HV10383 28
391588.825 9058669.018 443.212 1782 1646 01_007.jpg HV10383 29
389439.303 9051634.752 404.037 7650 7439 03_006.jpg HV19341 30
389439.303 9051634.752 404.037 4150 7780 03_007.jpg HV19341 31
388120.765 9053951.094 412.719 7052 7619 02_002.jpg HV19354 32
388120.765 9053951.094 412.719 7491 1328 03_005.jpg HV19354 33
388120.765 9053951.094 412.719 3568 7623 02_003.jpg HV19354 34
388120.765 9053951.094 412.719 4003 1312 03_006.jpg HV19354 35
387791.738 9056527.260 413.233 5075 7330 01_003.jpg HV19366 36
387791.738 9056527.260 413.233 6125 752 02_002.jpg HV19366 37
387791.738 9056527.260 413.233 1582 7442 01_004.jpg HV19366 38
387791.738 9056527.260 413.233 2608 715 02_003.jpg HV19366 39
389272.343 9056374.959 428.333 5582 7986 01_004.jpg HV19367 40
389272.343 9056374.959 428.333 6627 1107 02_003.jpg HV19367 41
389272.343 9056374.959 428.333 2401 7782 01_005.jpg HV19367 42
389272.343 9056374.959 428.333 3055 1392 02_004.jpg HV19367 43
385300.823 9058980.973 424.648 4819 737 01_001.jpg HV19379 44
385300.823 9058980.973 424.648 1719 857 01_002.jpg HV19379 45
