386430.038 9051623.533 434.526 7025 -8096 03_004.jpg HV10340 0
386430.038 9051623.533 434.526 3523 -8142 03_005.jpg HV10340 1
391041.460 9051873.124 416.857 5478 -7473 03_008.jpg HV10342 2
391041.460 9051873.124 416.857 1946 -7550 03_009.jpg HV10342 3
394225.953 9051359.280 426.774 7003 -8746 03_010.jpg HV10343 4
394225.953 9051359.280 426.774 3474 -8714 03_011.jpg HV10343 5
386399.193 9053873.969 437.117 6475 -8290 02_001.jpg HV10353 6
386399.193 9053873.969 437.117 7054 -1978 03_004.jpg HV10353 7
386399.193 9053873.969 437.117 2912 -8395 02_002.jpg HV10353 8
386399.193 9053873.969 437.117 3320 -2067 03_005.jpg HV10353 9
390035.796 9054244.236 435.394 5729 -7529 02_004.jpg HV10355 10
390035.796 9054244.236 435.394 6121 -1204 03_007.jpg HV10355 11
390035.796 9054244.236 435.394 2170 -7385 02_005.jpg HV10355 12
390035.796 9054244.236 435.394 2705 -1147 03_008.jpg HV10355 13
385727.096 9056091.372 444.413 4543 -2350 02_001.jpg HV10365 14
385727.096 9056091.372 444.413 6405 -9018 01_001.jpg HV10365 15
385727.096 9056091.372 444.413 3297 -9105 01_002.jpg HV10365 16
385727.096 9056091.372 444.413 957 -2394 02_002.jpg HV10365 17
386884.128 9058736.675 430.536 6399 -1913 01_002.jpg HV10380 18
386884.128 9058736.675 430.536 3132 -1841 01_003.jpg HV10380 19
387967.130 9058921.900 437.272 6049 -1329 01_003.jpg HV10381 20
387967.130 9058921.900 437.272 2676 -1479 01_004.jpg HV10381 21
390238.237 9058556.740 426.980 5300 -2311 01_005.jpg HV10382 22
390238.237 9058556.740 426.980 1976 -2501 01_006.jpg HV10382 23
391589.349 9058669.223 443.180 5597 -2199 01_006.jpg HV10383 24
391589.349 9058669.223 443.180 2232 -2096 01_007.jpg HV10383 25
389439.558 9051634.783 403.771 8100 -7889 03_006.jpg HV19341 26
389439.558 9051634.783 403.771 4600 -8230 03_007.jpg HV19341 27
388121.269 9053950.771 412.977 7502 -8069 02_002.jpg HV19354 28
388121.269 9053950.771 412.977 7941 -1778 03_005.jpg HV19354 29
388121.269 9053950.771 412.977 4018 -8073 02_003.jpg HV19354 30
388121.269 9053950.771 412.977 4453 -1762 03_006.jpg HV19354 31
387791.793 9056527.314 413.304 5525 -7780 01_003.jpg HV19366 32
387791.793 9056527.314 413.304 6575 -1202 02_002.jpg HV19366 33
387791.793 9056527.314 413.304 2032 -7892 01_004.jpg HV19366 34
387791.793 9056527.314 413.304 3058 -1165 02_003.jpg HV19366 35
389272.591 9056375.264 428.333 6032 -8436 01_004.jpg HV19367 36
389272.591 9056375.264 428.333 7077 -1557 02_003.jpg HV19367 37
389272.591 9056375.264 428.333 2851 -8232 01_005.jpg HV19367 38
389272.591 9056375.264 428.333 3505 -1842 02_004.jpg HV19367 39
385300.614 9058980.350 424.532 5269 -1187 01_001.jpg HV19379 40
385300.614 9058980.350 424.532 2169 -1307 01_002.jpg HV19379 41
