EPSG:31984
386429.766 9051623.783 434.676 1835 2134 03_004.jpg HV10340 0
386429.766 9051623.783 434.676 858 2147 03_005.jpg HV10340 1
391041.066 9051873.158 416.967 1403 1960 03_008.jpg HV10342 2
391041.066 9051873.158 416.967 417 1981 03_009.jpg HV10342 3
394225.701 9051359.657 426.856 1829 2315 03_010.jpg HV10343 4
394225.701 9051359.657 426.856 844 2306 03_011.jpg HV10343 5
386398.715 9053874.473 437.152 1681 2188 02_001.jpg HV10353 6
386398.715 9053874.473 437.152 1843 426 03_004.jpg HV10353 7
386398.715 9053874.473 437.152 687 2217 02_002.jpg HV10353 8
386398.715 9053874.473 437.152 801 451 03_005.jpg HV10353 9
390035.189 9054244.143 435.209 1473 1976 02_004.jpg HV10355 10
390035.189 9054244.143 435.209 1583 210 03_007.jpg HV10355 11
390035.189 9054244.143 435.209 480 1935 02_005.jpg HV10355 12
390035.189 9054244.143 435.209 629 195 03_008.jpg HV10355 13
385726.578 9056091.768 444.584 1142 530 02_001.jpg HV10365 14
385726.578 9056091.768 444.584 1662 2391 01_001.jpg HV10365 15
385726.578 9056091.768 444.584 795 2415 01_002.jpg HV10365 16
385726.578 9056091.768 444.584 141 543 02_002.jpg HV10365 17
392623.049 9056149.218 444.840 1287 2360 01_007.jpg HV10368 18
392623.049 9056149.218 444.840 1443 529 02_006.jpg HV10368 19
392623.049 9056149.218 444.840 305 2357 01_008.jpg HV10368 20
392623.049 9056149.218 444.840 446 449 02_007.jpg HV10368 21
386883.856 9058737.070 430.581 1660 408 01_002.jpg HV10380 22
386883.856 9058737.070 430.581 748 388 01_003.jpg HV10380 23
387966.619 9058921.725 437.414 1563 245 01_003.jpg HV10381 24
387966.619 9058921.725 437.414 621 287 01_004.jpg HV10381 25
390238.140 9058556.745 427.026 1353 519 01_005.jpg HV10382 26
390238.140 9058556.745 427.026 426 572 01_006.jpg HV10382 27
391588.825 9058669.018 443.212 1436 488 01_006.jpg HV10383 28
391588.825 9058669.018 443.212 497 459 01_007.jpg HV10383 29
389439.303 9051634.752 404.037 2135 2076 03_006.jpg HV19341 30
389439.303 9051634.752 404.037 1158 2171 03_007.jpg HV19341 31
388120.765 9053951.094 412.719 1968 2126 02_002.jpg HV19354 32
388120.765 9053951.094 412.719 2091 371 03_005.jpg HV19354 33
388120.765 9053951.094 412.719 996 2127 02_003.jpg HV19354 34
388120.765 9053951.094 412.719 1117 366 03_006.jpg HV19354 35
387791.738 9056527.260 413.233 1416 2046 01_003.jpg HV19366 36
387791.738 9056527.260 413.233 1709 210 02_002.jpg HV19366 37
387791.738 9056527.260 413.233 441 2077 01_004.jpg HV19366 38
387791.738 9056527.260 413.233 728 200 02_003.jpg HV19366 39
389272.343 9056374.959 428.333 1558 2229 01_004.jpg HV19367 40
389272.343 9056374.959 428.333 1849 309 02_003.jpg HV19367 41
389272.343 9056374.959 428.333 670 2172 01_005.jpg HV19367 42
389272.343 9056374.959 428.333 853 388 02_004.jpg HV19367 43
385300.823 9058980.973 424.648 1345 206 01_001.jpg HV19379 44
385300.823 9058980.973 424.648 480 239 01_002.jpg HV19379 45
