HV10340 386430.038 9051623.533 434.526 0
HV10342 391041.460 9051873.124 416.857 3
HV10343 394225.953 9051359.280 426.774 3
HV10353 386399.193 9053873.969 437.117 3
HV10355 390035.796 9054244.236 435.394 3
HV10365 385727.096 9056091.372 444.413 3
HV10368 392623.282 9056148.920 444.753 3
HV10380 386884.128 9058736.675 430.536 3
HV10381 387967.130 9058921.900 437.272 3
HV10382 390238.237 9058556.740 426.980 3
HV10383 391589.349 9058669.223 443.180 3
HV19341 389439.558 9051634.783 403.771 3
HV19354 388121.269 9053950.771 412.977 3
HV19366 387791.793 9056527.314 413.304 3
HV19367 389272.591 9056375.264 428.333 3
HV19379 385300.614 9058980.350 424.532 3
